0.1092710271
-0.9283866882
-0.0311928876
-0.2019952089
-0.3244695365
-0.3929239213
0.3068826795
-0.1359650642
-0.5688974857
0.0629126653
-0.0021999339
0.3602474034
0.2008663267
0.1037663817
0.1351729631
-0.0174824670
0.4821360707
0.1230719462
0.2080678493
-0.0370781459
-0.0383895561
0.2987529337
-0.4519175291
-0.2127852142
0.2107722759
0.3219800889
-0.2098962814
0.4031825662
0.4382024705
0.1809695661
0.3194964528
-0.7035242915
-0.4853959084
-0.6783443689
0.1232524142
0.0001923868
-0.0703681484
-0.5149111152
-0.0171791352
-0.5386217833
-0.1514909416
-0.2814505994
0.6030715704
-0.0176254641
0.0190789923
0.2649939358
0.2085195184
-0.2074899077
0.6624422073
0.3120705485
0.3370222747
0.4650705457
-0.2150564045
-0.5072137713
0.0489002652
0.0227262992
-0.1365483999
-0.0183817036
-0.1756206751
0.3124289513
0.4485255480
-0.6049883962
-0.4271230102
-0.2201041728
-0.1120397523
-0.7650089264
-0.0614685863
-0.4663423598
-0.1015985459
-0.1569296867
0.1437584609
-0.1607484519
0.0037971702
-0.0413075238
0.2673389316
-0.0496835597
0.3135473132
0.3182120919
-0.6623543501
0.0934652686
0.0728704631
-0.0129615115
-0.1340973377
-0.2014837116
0.1000009179
-0.0146075059
0.0774934292
-0.0993445814
0.0452103205
0.0324641354
0.3251599967
-0.0664450601
-0.5879992843
0.1191755161
0.0144521212
-0.1005410701
0.1371997297
0.1726476848
-0.0582509637
-0.2942399383
0.2108860612
0.2518032491
-0.0284079760
0.2082604766
-0.3262296319
-0.5962504745
-0.2579579651
0.1679877192
0.3953813016
0.6923402548
-0.2766119838
-0.6738646626
0.2177412212
-0.5214419365
-0.7272690535
-0.0168469287
-0.3190084398
-0.4151543379
-0.2062688023
-0.1352539062
-0.2590343654
0.1794403940
0.2566529512
0.1335550249
0.0901592970
0.1929771155
-0.2413058132
-0.3445813358
-0.2812331021
-0.0198141150
0.1056318283
0.1676021218
0.0271260645
-0.2742286921
0.0911929309
-0.0687503889
-0.2049452364
0.1416881531
0.0166580528
0.0407019034
-0.0402711928
-0.4565184414
0.1845566332
0.0696772337
-0.1377926767
0.3257547319
0.0853790864
-0.0389079377
0.6629309654
0.3683815300
0.3692380190
-0.0435810350
0.4260424972
-0.3129329383
-0.3584221601
0.1916814446
0.2283479869
0.0071312538
-0.3433918357
0.3696045280
-0.1880545318
-0.0478234217
-0.0419648178
0.1877128631
-0.4691493213
0.1115707085
-0.4319665432
0.0418555029
-0.0555558093
0.2317888737
0.1468447447
-0.0148179941
-0.1941488087
0.0631271377
0.3570607603
-0.1847954392
-0.1539301872
0.1249213964
0.1338865161
0.1925678402
-0.2826695740
-0.4429498315
-0.9878066778
-0.2120057493
-0.3392644823
0.1397977471
0.2256198078
-0.5910833478
-0.0278129019
-0.1186116189
-0.1011486948
-0.1420726627
0.1201581135
-0.6302601099
0.5353062749
-0.0895898044
-0.6005391479
-0.3305822015
0.0209808610
-0.2125980854
-0.1043942347
0.1610140800
-0.2013429850
0.2293358594
0.2014057785
0.0078529762
-0.4175384939
-0.2176467329
0.1883406341
-0.0580720864
-0.3090236783
-0.4542504847
-0.1975608915
-0.0388120115
-0.5629667044
-0.3572875261
-0.0434339903
-0.7086031437
-0.0936186612
-0.0682103410
0.0236672666
0.2598407269
0.0560887568
-0.1298383772
0.3239426613
-0.3079588115
-0.4071932137
-0.1343417019
-0.0977635831
-0.2652471066
-0.1148073971
0.0633111969
0.1997363418
-0.1969609708
-0.2001818866
-0.1290703565
-0.2581331134
-0.2815139592
0.4113414586
-0.2194771767
0.3211828768
0.0512441508
-0.4745447636
0.1117375493
-0.1157544181
-0.5451048613
0.2138646692
0.0134792747
-0.2692829669
-0.0907187238
-0.2740660012
0.0548031442
0.0422009826
0.1500767469
0.0348530896
0.2828612924
