-0.0028613650
-0.1299646497
-0.6009239554
-0.1476657689
0.1764230430
-0.5602862239
-0.0556856766
0.1790494323
0.3524697423
-0.0403799564
0.0134014655
-0.3034961820
-0.0808364078
0.1151202768
0.6895861626
-0.0574068762
-0.0808285922
-0.5578697324
0.3101164401
-0.5074722171
-0.0912029520
-0.4802197814
-0.1455885917
-0.1925281137
-0.0749271140
-0.0467544943
-0.0638302565
0.4551557004
-0.1536546797
-0.4540528357
0.0787667856
-0.4028594196
0.1945148408
0.1730409861
0.0017328578
0.2689694166
0.2541824877
0.4747014940
0.3565429449
-0.0622410774
-0.0316323228
0.0037907015
-0.1122468337
-0.0422020219
-0.0980198234
0.1146484166
0.2855590284
-0.0405080542
-0.0287339538
-0.1624564826
-0.0710011572
0.0546000190
0.0097939987
0.1037293077
-0.3768421710
-0.0830655545
-0.3752988577
-0.0753629580
-0.0720470473
0.2645321786
0.0047451635
-0.1353649348
-0.6463191509
0.3323220313
-0.1284002662
-0.0429516584
-0.0988180190
0.0702720508
0.2165988535
-0.0164920539
-0.0344746560
-0.0620762818
-0.1333136559
-0.0621053763
0.1932440847
-0.2136919647
0.1147190556
0.0513837636
-0.0457215384
-0.1405769885
-0.0057762922
-0.0822395757
-0.0669293776
0.2023673207
-0.3922589123
-0.0692310035
-0.0085715810
0.0108285034
0.1526401341
-0.0787694156
0.0098512545
0.2892504036
-0.0101531819
-0.0494484715
-0.0790842026
-0.1339811981
-0.1431044787
-0.1051624492
-0.0918232724
0.2923375368
-0.3895240128
0.1879837066
-0.0324246287
-0.4714899659
-0.1715105623
-0.1340626478
-0.3733737767
-0.0631499663
-0.0364686511
-0.2137973160
0.2442179173
0.0421696901
0.3120037019
-0.0587981604
-0.4683593512
-0.0379883386
-0.5840895176
-0.4107506275
-0.0396119915
-0.0603058934
0.1051862687
-0.1884123683
-0.0828826055
-0.0773725957
-0.1427579522
0.4332684278
-0.0616222732
-0.0203778148
-0.4892307222
0.2992270589
-0.2602473199
-0.0258970968
0.4292773306
-0.0031837302
-0.0554826595
-0.1899694949
0.2865009606
0.2245110273
-0.0367472023
-0.3017777205
-0.6850931048
0.1433347464
-0.0397364385
-0.3330352604
-0.7015715241
-0.1676379144
-0.0668030903
-0.1944780350
-0.3057287037
0.4990395904
0.2141158283
-0.3306747377
-0.6694210768
0.5297966599
0.1112725511
0.1669225246
-0.3189817071
0.2115991116
-0.0534884967
-0.6254731417
-0.1310802847
-0.8130303621
-0.1920738220
0.3517671227
0.1033386588
-0.0240302738
-0.0615305193
-0.0399164297
-0.1337177157
0.0544396490
-0.0283843298
-0.0785319805
-0.0258740522
-0.0423767902
0.0085363109
-0.0170191564
-0.4802044928
-0.0289084539
-0.0872593746
0.0071885427
0.1954576373
0.4790964723
-0.2777619660
-0.4372797608
0.0300570317
-0.0493980907
0.1224018782
0.2033097893
-0.0660730675
0.7018594742
-0.0361358523
0.2006253302
0.3784590065
-0.2559946477
-0.0857949480
-0.1289544106
-0.0710196942
-0.0386503711
-0.2125076354
0.2135779858
-0.0403994434
-0.0804038867
0.4596410096
0.3041471541
-0.0680187270
0.2261282802
-0.0880362466
-0.1906820983
-0.0400430076
-0.5959835052
-0.0457881726
-0.0634610578
0.4958041906
0.1441991627
0.1570195705
-0.0721579343
-0.4643206298
-0.2597611547
-0.1483567655
0.2335020304
0.3198781312
-0.1892131269
0.2511890233
-0.0626887530
-0.2056438625
-0.1183726415
-0.2767144442
0.0574917793
0.3280718625
-0.2924197912
-0.3557190597
-0.1073126197
0.6553294063
-0.0429308526
-0.0722606257
-0.1175002158
0.0957980230
0.2720461190
-0.2575324476
-0.3920934796
0.5447649360
0.1713893265
-0.2460358292
0.5041414499
0.6245149374
0.2705246806
-0.4602018297
-0.0732763410
-0.0427381471
-0.4528635144
-0.0123533802
-0.0193436034
-0.4580706954
-0.0167929418
-0.0402192809
0.0449400730
