-1.0343390703 -1.0260826349 -0.0410809442 -1.8749518394 -0.2273283452 -0.2786553502 -0.2726312578 0.0024260923 0.7771889567 -0.3834994733 0.0839544460 -0.2423262447 0.2790922225 -0.6797304153 -1.3103082180 -0.5587022305
0.0528451763 0.2295809835 -0.0946483538 -0.5672128797 -0.4596855044 -0.4082584977 0.4083492756 -0.9760746956 0.0006189196 -0.6941899061 -1.7611163855 -0.6607372761 -0.6800719500 -0.1733971387 -0.3569656014 -0.0046032793
-0.7095255852 -0.2493591607 0.9072552323 0.3860053122 0.1604449898 -1.9496440887 -0.8042523861 0.0376536846 0.3087381721 -2.1171655655 -0.8992602229 1.4477339983 0.1073426455 -0.2092199326 -0.7380570769 -0.0133169461
0.3961353302 -1.8717691898 -0.2593036592 0.2879380286 0.4646499753 -0.8297257423 -1.0772147179 -0.0899118483 -0.6063587070 -0.6086342931 -0.4913936257 0.5645013452 -0.3153142333 0.1550761759 -0.2612785399 -1.5850427151
-0.9611346126 0.0396394916 -1.0192651749 -0.3262741268 -0.6989364028 0.7292419076 -0.1262318343 -0.2127099186 -0.1868444681 -0.5022474527 0.8660950661 -0.1689838022 0.0508026592 -0.6110690832 -0.7037127614 -0.7335862517
0.9846715331 -0.3608194590 0.5625998378 0.0404499918 -0.8852373958 0.3336472213 -0.8071556091 -0.5312677622 1.1061850786 -0.2106017023 -1.4110606909 -0.7272821665 -0.2705138028 0.3670385778 0.7965439558 -0.2032554448
-1.0115371943 -1.1325615644 -0.1455179304 0.6131618619 0.3284673989 0.6314210892 1.3971799612 0.6707996726 -1.3586987257 -0.0390259549 -0.1944757551 -0.1430414021 0.2533383369 0.2691715062 -1.0515500307 -0.4387530088
-0.6302552819 -1.3123936653 -0.1466661990 0.6500672698 1.3122423887 0.0463870913 0.7830075622 1.6563323736 -0.0095930258 0.7243907452 2.5167207718 -0.5579007864 -0.3656275272 -1.0499428511 -0.5492324233 0.2239964306
-0.4128070474 1.0549222231 0.0161675271 -0.2635651529 0.3475770354 -1.7963058949 -1.0937167406 1.2267402411 -0.7792786360 -0.1617566645 2.1839418411 0.2316994369 -0.2965355814 -0.0859333575 0.2943465412 0.8689200282
0.6563711762 -0.2655364871 -0.6304507256 0.6264451742 0.0685619786 -0.3256716132 0.7324147224 -0.6696307063 0.0044534630 -0.5117112994 1.0280578136 0.0836682990 -0.1939613521 0.2591253519 -0.2498510927 0.2743579149
0.6463314295 -3.0648508072 -1.5863041878 0.0400999337 1.9587854147 1.1914131641 0.4329911768 -0.3551245630 1.6409702301 0.3462269902 -0.6131860614 -1.3003766537 -0.0795129687 -0.3936969936 -0.1768515855 -0.0878992230
0.7609322071 -1.5575162172 -1.3626005650 -1.9318926334 0.0576244183 0.9659898281 -0.8442014456 0.2980264127 0.1694773883 -0.1042866856 1.5819667578 0.0605281889 0.3345238864 -0.5043748021 -1.1117684841 -1.6827628613
0.7341498733 -2.6434268951 -1.3639465570 -0.2460464984 0.6081998348 -0.6445488334 0.7650424838 0.0395606011 0.6681810617 1.3657671213 1.0934648514 -0.2335115522 0.1516414583 -0.6134852171 -1.4157557487 -2.5694541931
-0.9545480013 -2.9645326138 2.7653980255 -1.2333648205 2.1120469570 0.5474907756 0.2988181412 -0.0064279675 -1.3039244413 1.1927617788 0.4870031178 -0.2662068009 0.3963561356 -0.6274614334 0.1069860309 -2.7785077095
-0.2751207948 0.0895147771 -0.8217602372 -1.3072882891 -0.0536262058 -0.0617722534 0.2516542077 0.6609158516 -0.7007762790 1.3085724115 3.2898688316 0.1863548011 -0.4738938212 -0.1258811057 -0.2164422870 -0.2364848256
-1.9501016140 -2.6705660820 -0.8431097865 -0.2335827798 3.1212854385 1.7049580812 1.4786422253 0.0805673674 3.1625301838 0.7356240749 0.2737233341 -0.3764035106 0.0394040234 0.8815537691 0.6045988798 -2.5947160721
-1.1081461906 -1.8838376999 -0.7601142526 -1.6933473349 0.4774715006 -1.0026030540 -0.1577665955 1.0341235399 0.4465248287 0.2669083178 3.1719384193 0.8498793244 -0.0382795446 0.5152338147 -1.0271334648 -0.7107248902
-0.0228839200 -0.3530805707 -0.4939268529 -0.6843498349 -0.2726320028 -1.2974780798 -0.0173194744 0.1077656671 -0.2425968945 0.5257616639 -0.1278994381 1.8525602818 0.0026577723 0.1263791919 0.4179111421 0.0008034402
-1.6357692480 -1.0661259890 1.8100020885 0.4636664987 -0.0486487634 0.0979810208 -0.4457729161 0.1041995510 -0.4523923993 0.1320519447 -0.9557435513 0.0560109206 -0.0974686667 0.4006110728 0.8308940530 -1.2873121500
-0.7431035042 -0.1773686856 0.9465020299 1.0698984861 -0.4527574480 -0.7166358829 -0.6574189067 -0.6795381904 0.5498040915 0.8415554166 -1.2567119598 -0.3292679191 -0.2046743035 -1.0302783251 -0.6170715094 -0.4434626997
-0.8964767456 -0.4283080399 3.0560731888 1.0691485405 0.5619550943 0.1620611399 0.1253489852 0.5894050002 0.9263901114 -0.5063397288 -0.1004062593 0.2410833240 -0.0980363414 0.3342958987 0.4889526367 0.5731037259
-0.2892900407 -0.5807675719 0.6707041860 -0.3384675384 -1.0186382532 -1.5524075031 -0.8750379086 -0.2050846368 -0.1954247653 0.0280365460 -0.3136443496 -0.2829023004 -0.1317794621 -0.4768543541 -0.8931446671 -0.9855499268
-0.5776116252 0.0855837837 -0.1484396309 -0.2363823950 0.1560425609 -0.4551653564 0.4284501970 -0.7483339310 0.0875338539 0.0548474677 -2.2332479954 -0.7544246912 -0.4495831430 -0.0713118613 0.7444079518 -0.2140607685
0.1215407327 -0.2740946114 -0.2066032588 -0.1903989017 -0.0443679839 0.2094239593 -0.0777722895 0.0764502734 -0.1518949717 -0.2244732529 -0.1207781434 0.1743689179 -0.0855883881 -0.0700189769 0.0937442183 0.1803124398
-1.0707484484 0.1689640582 1.1445448399 -1.3510427475 2.3898639679 1.1905558109 0.4705432355 0.3778590858 0.0492741913 0.6499069333 1.6608108282 0.0713970661 -0.0066511864 -0.8055678606 -0.3200605214 0.0287761949
-0.7705586553 -1.3698797226 1.2624310255 0.3565509915 0.1138736606 0.5458430052 -0.4180759490 -0.0069083730 -2.2611458302 0.4196881950 0.5838407278 -0.9001955390 -0.1644184440 -0.3398270905 -0.2712324560 -1.4188079834
0.4027658999 -0.0867766812 -0.1203400195 0.4898548126 -1.2999922037 0.1708705723 0.2377849370 -0.1306867152 -0.5576484203 0.5655241013 -0.5624093413 -0.6418249011 0.0911925137 -0.3699486554 0.2475921959 -0.4604998827
0.1154399812 -0.4676057994 0.4898547530 0.1892765462 0.3281674087 -0.5805132985 0.2621566355 1.2989596128 0.7396512032 0.0922884941 2.5896816254 0.1619515419 -0.0846357048 1.3176417351 0.4447841346 -0.5035358667
0.5041038394 -1.7218927145 1.5142687559 -1.8180738688 0.7636709213 0.9672073722 -1.3111987114 0.1796937734 -1.2076250315 2.2179718018 1.3170297146 0.3972494900 0.0964621976 0.9906336069 0.9660387635 -1.5621292591
1.2184745073 -0.4193575382 -0.7653646469 1.0551710129 0.0350142047 0.7552263141 -1.9137748480 0.3843398988 0.3742747605 -0.1089193374 1.1395338774 -0.6827347279 -0.0376686826 -1.6709675789 -1.5804556608 -0.2459910065
-0.7146754265 -1.1519569159 -0.1425081193 0.0438972265 0.5192434788 0.9268300533 -0.3580307662 0.6936223507 0.4685448110 0.6024724245 2.0533800125 0.0671799481 0.4094600976 -0.4616682827 -0.7720532417 -0.1808006614
0.5449532270 0.5516209602 -0.8439984918 0.0512166619 0.9908452630 -0.6769006252 -0.2010267377 0.5395168066 0.0630434677 0.3635242581 0.4710655808 1.2945610285 -0.3243174851 -0.3688067794 -0.4115821123 0.6699521542
0.5691578388 0.4741791785 0.3108522296 -0.6818633676 -0.4598498940 -1.1557328701 0.4338497519 -0.6658001542 -0.5564269423 0.4184210002 -0.9737768769 0.8802914619 -0.3398170173 0.4201391935 0.0117303906 0.3241301477
0.2945962250 0.6658560634 0.0053661801 1.4168639183 -0.8547806740 -1.9048877954 0.1265541762 0.5204651356 0.0394835845 -0.0924998149 1.1323142052 -0.0408786237 -0.3774345517 0.2714880109 0.2499435246 -0.1266638488
0.0401922725 0.2384807169 -0.0530905686 0.4383608699 0.0151941143 0.1612139940 -0.4547967017 -0.4509689510 -0.7997962832 0.1430226713 0.1298067421 -0.4997628331 -0.0363801830 0.0208217669 -0.4290341437 0.3221845925
0.7545769811 0.0315020122 0.7434868813 -0.5451231003 0.2899318337 -0.1434850246 -0.5146240592 -0.1009347290 0.4134407043 1.5421195030 -0.5689888000 -0.0655564964 -0.2281087786 0.4801553190 0.5079747438 -0.1109405160
0.0032307035 0.6909475327 1.3053234816 0.8687456250 0.9253717065 0.2291960120 -0.1761774570 -0.5274090171 -0.0112127764 -0.0708802715 -1.5531578064 -0.4756127298 -0.0297228526 0.3398670852 -0.5068038106 0.4295711219
-0.1244287640 -0.1138747707 0.2963166833 -0.8323369622 0.1744532883 -0.2895874977 0.4759392142 -0.8508986831 0.1525950283 1.5227144957 -1.3944009542 -0.0514756590 -0.5271166563 0.1115295216 0.5893418193 0.2286609262
-0.1135847643 -0.0612935685 0.9478381872 1.7648302317 -0.1126494408 -0.2242047191 0.5687339306 -0.0438171439 -0.9852549434 0.9323940873 -0.5291807055 -1.2550375462 -0.0680469796 -0.9484869242 1.7820800543 -0.1934982836
0.7802914977 -0.1253296137 -0.8299221396 0.4135927260 0.1183619350 2.2840423584 0.2439578027 -0.5605963469 0.0145096388 -1.1677389145 -1.6716909409 -0.7585436702 -0.0346911326 0.2040068507 0.9068728089 -0.2090930194
-0.2218777835 0.5587428212 1.3663271666 0.1104546636 0.3046453893 0.8124828935 -0.0083742840 0.6372203231 -0.0630522594 -0.3772286177 0.6391577125 -0.0183298439 -0.1889569461 0.0112694595 0.2428851724 0.6458887458
-0.0607352853 -0.1689689755 0.1535766423 -0.0058364929 0.1590913832 0.2609847784 0.0242653601 -0.1296247989 0.1925368458 -0.2273666263 0.1494212896 -0.0378939658 0.1310529560 -0.1426229477 0.2463437468 0.0763073266
0.1383733153 -4.6378526688 -0.7919412851 -0.9521542788 3.5915057659 1.2903864384 0.4513545036 0.3919651210 0.8941574097 -0.2170920372 0.4785133302 -0.3107239902 0.5211387873 -1.0921778679 -1.1201202869 -0.1725173444
-0.8686711192 0.1930189431 0.0931486860 0.3926905394 -0.0613556243 -0.8296437860 -0.7175158858 0.1088680327 0.9277666807 -0.7074054480 1.7487249374 0.3743926585 0.1125592515 0.0528356098 -1.1410483122 -0.2236138135
-0.4234198332 0.3874933124 0.6164224148 -1.0206760168 1.0662254095 -0.9643826485 -0.4236012101 -0.2326701730 1.1018471718 0.0434252210 -0.4543420970 -0.6102605462 0.0756116137 0.6507993340 0.8425352573 0.1789773405
-0.9897422194 -0.3932998776 -1.7634065151 0.1610194147 -0.1757948846 -1.9242727757 0.2282517105 0.1276086122 0.3087137938 -0.3565351367 -0.7439329624 -0.1324072927 -0.1895925254 0.9406322241 -0.5968705416 -0.3182830811
0.0309660137 -0.0474468097 0.3880686760 1.0888057947 -0.4147627354 -0.0059007769 -0.3546931148 -0.1279350370 -1.4390454292 -0.0314114876 1.7313179970 -0.4477295280 -0.4090937078 -0.8419265151 -0.4633376300 -0.1873736680
1.0453989506 -0.2351611704 0.2654635012 1.1044222116 0.1885499209 0.2505392432 -1.1093517542 1.5039647818 1.3728111982 -2.1404764652 2.1685998440 -0.9205705523 -0.2275256813 0.4154171348 0.0354656391 -0.7628152966
-0.0003491677 -2.0143675804 -1.4073860645 -0.1484324783 0.7245653272 -0.1481934190 0.3086600304 0.5135968328 1.6613723040 0.6939691901 0.6222885251 -0.1888909787 0.3297858536 -0.4435361028 -0.4359632730 -1.5159454346
-0.7989985347 -2.3068118095 0.2966093421 0.6612175107 1.0899813175 0.2009223998 0.4771972597 -0.0097118868 1.0173494816 1.1125011444 0.1243008897 -1.2670096159 0.0644086078 -0.9403501153 -1.5156085491 -1.8991435766
-0.1591010243 -0.1988600641 -1.0862667561 0.1595541090 0.5007008910 -1.4742401838 1.4940792322 0.3076447248 -0.0518030487 0.5933932662 0.0065389927 1.5345793962 -0.1671247929 0.4291343689 -0.3442094922 0.1880182773
-0.4478211105 -0.6090492606 -0.3868791163 0.9505023360 -0.8127281666 0.2839839160 0.4996276796 0.4141092002 -0.7211545110 0.3956887126 1.5715502501 -0.1936163604 0.1036256105 -0.0767922476 -0.0241482425 -1.0465041399
-0.4020059407 -0.0696483925 -0.9981816411 1.3499469757 0.3582195342 0.7849732041 -0.2082398534 -0.3831280470 1.1133176088 -0.5195890665 -0.8973452449 -0.3661558628 -0.0429394655 -0.3046579063 -0.3859796226 -0.1822194755
0.3948963881 0.3109302819 0.5257062316 0.2021404058 -0.1140089184 0.5485249162 0.1530016810 -0.8397949338 -0.3620795906 -0.8865498900 -0.9329814315 0.2418017536 -0.2561510503 -0.6171917319 -0.3090274334 0.1503887624
1.3886580467 -2.1867408752 -0.1679934561 -0.6431080699 1.5929589272 2.1044361591 -0.1701334864 0.1205707863 1.1424716711 1.3083930016 0.0835286826 -0.9637098312 0.0560185164 -1.2735795975 1.0068143606 -2.1183204651
-0.3197078407 0.2492763549 0.4944571853 -0.4721156359 0.4500856996 -0.8000828028 0.1528257579 0.0687531754 -1.3531633615 -2.6237959862 -0.1353743523 -0.5230495930 0.0246946365 -0.7349750400 -1.3548078537 -0.2068929672
1.0180001259 -2.2764060497 1.2603344917 -2.3861875534 2.1417381763 1.0573338270 0.6010990739 0.0588041656 -2.3753678799 1.4327409267 -0.0769719630 -0.0031279819 0.2536026239 -0.4677518904 -0.0967158601 -2.5090453625
-0.5166537166 0.0345524810 -1.2831500769 0.3927882016 -0.1001102999 1.0651470423 0.6336171627 0.9269836545 -0.0287925042 0.1765967757 0.8701735139 0.3009780347 -0.0652784184 0.6354272366 0.1496320665 -0.0369940437
0.1049772948 -0.0874504596 -0.3809650540 1.1491507292 -0.2967985868 0.0967584699 0.0481388345 0.0939559191 -2.3281514645 -2.1526420116 -0.6467902660 1.6446784735 0.0247060396 -0.8305098414 0.5281121135 -0.1142214537
-0.2363007665 -1.5424169302 -2.9851412773 0.0635379925 0.4264533222 -0.5212411284 0.5921871066 -0.1156533062 1.3227148056 0.4432272613 0.9668847919 -0.6299716830 -0.0672044680 0.1245469823 -0.8026204705 -0.5835969448
0.5824559331 -1.2590647936 -0.7257340550 -0.6143270135 -0.6870219111 -0.5085963607 0.2105839700 0.2285658866 -0.0246340204 0.2221934646 1.0443711281 0.1787425131 0.2063014209 0.1767563820 -0.0679863915 -1.3772701025
0.8946980238 0.4137482345 -0.1326397061 0.5809983015 -0.9580401778 -1.1864705086 1.5405894518 -0.3776358962 -0.2362407744 -1.1547120810 -0.0935184583 -0.0948525295 -0.0662396476 -0.2102153450 -1.6174242496 -0.1411086619
-0.0524113327 0.5131989121 -0.4336575568 -1.0984470844 -0.4401070476 0.2175019532 0.1832648516 -0.4726295173 0.6000924706 -0.2558620870 -1.2982852459 -0.3463198543 -0.3929921389 -0.1793770492 0.3906009495 0.5718296170
0.0083795330 -0.2087877542 -0.0092174280 0.0408014394 0.3128065467 0.1714368463 0.0602573380 0.1076855585 0.0589090399 -0.1118113920 -0.2575901151 0.0494473241 0.1320559382 0.1058016494 0.0060426295 0.1421920061
-0.7467168570 0.4145462513 -0.1535274386 -0.8375717402 -0.7705273032 -0.6716626883 -0.2967520952 0.6152730584 0.4354096353 0.0368236266 0.3299972117 0.4327276647 -0.1862827986 0.2319602519 0.3460680842 0.4103688002
0.2894564867 0.6381839514 1.0587252378 0.3199603856 0.9347008467 -0.6937927604 0.2940107584 -0.0760616735 -0.3951376677 -0.7981336117 -0.8336002827 -0.1479899138 -0.1648840159 -0.0451271757 0.4848762453 0.7991963625
-1.5630241632 -5.7803144455 0.0275588371 -0.5149056911 3.5744280815 -0.4937681258 -0.8172172308 0.3574333191 2.0532279015 0.2960971892 1.2593191862 0.1884936988 0.0418899953 1.6211417913 0.7135419846 -5.0465288162
-0.0845575258 0.7736287713 0.3284549713 -0.3424583673 -0.0481251106 0.5499346852 -0.6071063876 -0.5380641222 0.7765523791 0.0429511294 -1.6463376284 0.5382788181 -0.2277597338 -0.2135252357 0.0459674485 0.8886058927
0.7230685949 -0.1428089589 -0.6766107678 0.9568520188 -0.4463263452 2.0494499207 0.6652969122 0.1420242339 -1.0317053795 -1.9225891829 -0.8146267533 -1.5781310797 -0.0622059144 0.4504050314 0.1965314597 -0.5170186758
-0.2057503015 -0.6243150830 -0.6468392611 0.8581255674 -0.2676658332 0.2492114455 0.8733590841 -0.1679816842 0.0417661704 -0.5858748555 0.0327878296 -0.3677930236 0.2925508618 -0.1064363420 1.4460988045 -0.4065602720
-0.1357994080 -2.1100437641 0.0036865987 1.3973659277 0.5150300264 0.9148167968 0.7702466249 -0.1057039946 0.4106275141 -0.5184358954 0.7091750503 -0.2732900083 0.0889050961 -0.4281261265 -0.5700562000 -2.0118699074
-0.1610248983 -0.2467885315 0.0072621107 -0.1242093742 -0.2296695709 -0.0537086129 0.1180163324 0.1458458304 0.1517532170 0.1518908441 0.0660381615 -0.0325626731 -0.1758632362 0.0753524899 -0.0036594868 -0.2145819962
1.4189965725 -0.4765024185 -2.3060984612 -0.9825456142 -0.0573057309 -0.6893133521 -1.0550838709 0.0464105085 0.9048682451 -0.9791983962 -0.5416716337 -0.9975112081 0.1656132638 -0.3136399686 -0.0573624521 -0.1885633767
-0.0678112358 -2.7495040894 0.9062618017 -1.4327604771 0.7285608649 2.5522692204 1.1373052597 -0.4604127407 0.1337980926 0.7860284448 -0.2142574042 1.3465948105 -0.0364968702 -0.6037833095 -0.1259445846 -2.3127231598
-0.6532690525 -0.4726951122 -1.6297227144 -0.1088340804 0.5681262612 -0.1399150044 0.0324947424 0.4828905463 -0.7444911599 -0.4035883248 0.3170193732 0.0757309496 0.0972935110 1.1969727278 1.4015702009 -0.3880406618
-0.1757294685 -0.2618768513 -1.0928117037 -0.8067449927 -1.6156347990 -0.2474411130 -0.0609514751 -0.0201011896 0.2074207813 -0.3678768277 0.3476179838 0.5562040806 0.0301766656 0.0687587708 -0.2352948338 -0.7316239476
0.1264652908 -1.1180191040 0.1853475422 -1.0151892900 0.0131586418 -1.4752217531 -0.2996243536 0.5174564719 -0.3738607764 -0.8590642214 1.1334148645 0.8460907936 0.3099920750 0.7410126328 0.2560259998 -1.8142651320
-0.0517860390 -0.8931330442 -1.5112335682 1.7534747124 0.9899768829 0.2452607304 -0.6034476161 1.1437216997 1.6853685379 -0.7981284261 0.1956212968 -0.8131111264 -0.0383617990 0.3181051314 -0.3476876915 -0.2669596374
0.1280724257 0.8438040018 -0.8255359530 -0.5841198564 -0.4717946053 -0.0175311789 0.1527021080 0.0878904387 -0.2550918162 0.6825547814 -1.0968328714 0.2558582127 -0.3049833179 0.1200935841 0.3590095043 0.1248248070
1.0790363550 0.1506410390 0.3811110854 -0.4593651295 1.7657784224 -0.2011851519 -0.2766470611 0.1483383179 -0.2725103199 -0.2869420052 0.3895397484 0.6211657524 -0.0816422999 0.1060585380 -0.0039274334 0.9428809285
-0.1016107947 -2.4398880005 -1.9567729235 0.1725787967 0.8429010510 0.4764591157 0.3229159713 -0.0488466732 2.3277914524 -1.3459982872 -0.3531134427 -1.4924694300 0.1685880423 -1.0293939114 -0.0549423918 -0.0616257526
-0.2896828055 -0.2592026889 0.4562984407 -0.5768539906 -0.8957805037 -0.4974894524 0.4024392664 -0.5209244490 -0.2298433185 -0.1599282920 -0.5060479641 0.2403521389 -0.1038602889 0.4143298566 0.0402830504 -0.2263404280
0.2181090415 0.0112984776 -0.1156366467 -0.0169725418 0.0505720079 0.2389099598 0.1372745931 -0.1321012080 -0.1781054139 0.0535026491 0.0622108281 -0.1888953447 -0.1646879315 0.0401405990 -0.1456556916 -0.2402777970
-0.0104833543 -0.1266240925 0.1224807873 -0.0961886048 0.1923931241 -0.2217929810 -0.0116058784 0.1770239323 0.1770432740 -0.2017001510 -0.1024935544 0.1366428137 -0.0243225414 0.1496922374 -0.0768399760 -0.2021400928
0.8031102419 -0.5240297318 0.2977129519 0.7184643149 1.0185120106 0.5018795729 -1.7461789846 0.2398706675 0.2149285227 -1.6641671658 0.4284053445 -0.5695403814 0.0536908507 1.3427035809 0.0873540044 0.7238827944
0.0515375286 -0.2679626346 -0.5328385234 0.5068013668 0.0828956589 -0.6238139272 -0.7511032820 -0.0473445766 0.2652543783 -0.8958010077 0.1250422001 0.5650164485 0.0721088573 2.1606338024 0.9154812694 -0.1609992385
-0.6791228056 -0.4897314310 0.6290341020 0.7626766562 -0.6604906917 -0.1473226398 -0.4192024767 0.0799911916 0.3005853891 0.2713587284 0.4317201972 -0.9316734076 -0.1123090312 0.6385683417 1.5973448753 -0.7872602344
-0.7170909643 -0.3705764711 -0.3454434872 -0.2581725717 -0.0437201746 -0.1511308402 0.2260627598 0.8574004769 0.7423479557 -0.7285419703 -0.7136104703 0.0964527652 0.1989523321 0.0529480055 -0.2446272522 -0.2414138466
0.5948737860 0.0608641505 0.3140310943 0.1408334374 1.5287832022 -0.0454608649 0.0589069650 0.0643434450 0.8523223400 -1.5400972366 0.6533206105 -0.7769282460 0.0881759748 -0.7788839340 -0.0961007997 0.0563360229
0.9563551545 -2.4368867874 0.4151421785 1.5096122026 1.4591985941 0.9948575497 0.2579119802 -0.2967398465 -1.5524953604 -0.3804108500 -0.4721169174 -1.7669918537 0.2005933970 -1.0667067766 -0.3640334904 -1.5150308609
1.3661502600 -1.8165395260 -0.7315639853 0.2333105356 -0.0125942463 0.1979393512 0.1577748805 0.2147079259 -0.6915113330 -0.2391595095 0.7482287884 -0.6060735583 0.1463515013 -0.8163589239 -0.6574256420 -0.9995242953
0.0278237928 -0.5547268391 0.0931351110 -0.3709885776 0.1081744134 0.3085553348 0.4754484892 -0.3923367262 -0.1333669722 0.6243085265 -1.5178320408 -0.3948109448 0.1878937781 0.6344068646 0.2750281394 0.4629539251
-1.0581437349 0.4228439629 0.2033083588 -0.1925972849 0.1310464293 -0.4899002016 0.0001091209 -0.7501977086 -0.2460903972 0.0890858024 -0.8464262486 -0.3783824742 -0.2738536596 0.0732486546 0.0581414588 0.1035869196
0.4831051826 -3.0917279720 -0.9022560120 0.0092403824 1.0102939606 1.3874782324 -1.1810141802 0.0789275914 -0.4735910594 0.5397751331 -0.3369598091 -0.2326682359 0.3497889042 -0.7968548536 0.1461364031 -2.2791607380
-0.4471757412 0.0792145580 -0.3716074824 0.7581166029 0.2221819609 0.8661579490 0.1542795748 1.0221978426 0.1959688812 -0.2433807105 0.9122636914 -0.9382485151 -0.0339403860 0.7934713960 0.9267856479 -0.1745548099
-0.8222199082 -0.5248969793 1.0643013716 -1.6317116022 -0.3922644556 0.2153553665 0.6541917324 -0.0533633493 -1.4097414017 1.0108724833 -0.5531733036 0.4303515851 0.1917510629 0.6515678167 0.4357621670 -0.3038952351
-1.0212671757 -4.9214038849 2.1377980709 -1.9998373985 3.3209846020 1.2324395180 -0.0383279473 -0.1266677827 -0.9212908149 1.9079221487 0.7788277864 0.1852974743 -0.0574249588 -0.4725876749 -1.5709986687 -4.2429075241
0.6310475469 -1.5058851242 0.5567882061 1.0866813660 -0.0489251018 -0.5337066054 -0.0452809595 0.1058352739 -0.9054139256 -0.5220241547 -0.1753497720 0.7127646208 0.2204635292 -0.7476320267 -1.7679338455 -1.0057766438
0.1591238081 -0.2396286130 0.0222138166 -0.2038116753 -0.0955901742 -0.0924358666 -0.0015933514 0.0667032897 0.1861152351 0.2338207066 0.0938039720 0.2369374037 -0.2066470087 0.1871008575 -0.1196711957 -0.0225647986
0.4952006042 -2.5010650158 -0.8413789868 0.3389997482 1.6012649536 0.9211151600 0.0400008596 -0.0346101485 0.2173013538 -1.7295460701 -0.7901219130 -0.1490083188 -0.0256002359 0.1599531621 0.1458669901 -0.8692477942
1.1863305569 -1.4997627735 1.3739063740 -0.6728957891 0.3756540120 -0.2226754874 0.5697626472 -0.2077415586 0.1310087889 -0.2866708636 0.5599750876 0.4951361716 0.0082225846 1.0356070995 0.5723504424 -1.9916355610
0.1597967148 -0.3363227546 0.5012137890 -1.5130561590 0.0586740859 0.4242738187 -0.9557417631 0.1917634010 -0.3945043981 -0.2271268070 -0.2521977127 -0.3362696469 0.2770173848 -0.6556335092 1.6447060108 -0.5496111512
0.5999447107 -1.2974618673 -0.1161672622 -0.4181865752 0.6128356457 0.8211555481 0.3772219121 -0.4483434558 -0.7311572433 1.3403098583 -0.8550012708 -1.1403033733 -0.1829365343 -3.2289812565 -0.5874950290 -0.1191882789
-1.1344224215 -0.9975151420 0.3670423627 1.1466139555 0.7024347186 -0.0422150679 -0.2027846873 0.4144932628 0.3317571580 -0.3591162264 2.0047194958 -0.0142137399 0.4104813039 0.1771814823 0.2226472348 0.2580471635
-0.3620643318 -2.5489838123 0.6373469830 0.2324854434 1.0284657478 1.4753366709 0.6180415750 -0.4864340425 0.4249508679 -0.2362183779 -1.3095779419 -0.3925052583 -0.0122332433 0.2180204391 0.7786494493 -2.6295621395
-0.5133785605 0.5164456367 -0.1212490648 -0.8055942059 -0.2153252661 -1.1623226404 0.1950647831 0.7203588486 0.9689532518 0.0377160199 0.6580176353 1.1474065781 -0.6802109480 0.0870477855 -0.5943768620 0.5868406296
-0.1508244127 -0.0331818387 -2.1528985500 -1.4942616224 1.6160674095 -0.3809106648 -1.2801535130 -0.3518435657 0.9151515365 -0.5808992982 0.1054161862 0.1738137752 -0.7009387016 -0.5201461911 -0.0226953067 -0.2710453868
0.2772235870 -0.2748219967 0.5465979576 0.1870687604 -0.6108935475 -0.2345748842 0.1951867640 0.7913407683 0.1940780729 0.1799104959 0.9742693901 -0.7868190408 -0.3159581423 -0.9365886450 -0.9935523868 -0.2724950910
-0.6029694676 -2.2134857178 -0.0931610689 -0.7167264819 0.7010183334 -0.3712026775 -1.1665397882 -0.3860178888 0.4012703001 -0.4958001971 1.1456450224 0.0771360993 -0.3804700673 0.2708590925 -0.9476923347 -2.6997253895
-0.1033966020 -4.7912240028 0.7370249629 -2.0633931160 2.1895706654 -0.3922520578 -0.9229022861 0.4479742944 -0.7909041643 -0.3232934475 1.2200528383 0.5443962216 0.5675805807 -0.4608819187 -0.2884090543 0.9040350318
-0.1759579331 0.0159009825 0.3949595988 1.1542999744 -0.9127575159 0.3557848632 0.4444549978 -0.2648542821 0.0648191944 -0.5095455050 -1.6693471670 0.0782762393 0.0901555195 0.3619972169 1.1498581171 -0.5395564437
-0.4740443230 0.1658073664 0.4579353631 -1.1241025925 0.1765765548 -0.5623986721 0.3177276254 -1.1040213108 -0.3695922196 -0.3322553039 -1.0185962915 -0.0506040975 -0.5461168289 -0.3461728096 -0.0405643284 0.2237336338
0.1415774673 -1.5088695288 -0.4039301276 0.4021603465 1.9989118576 1.0091717243 0.7073969841 0.2909906507 1.9235486984 2.3008341789 1.2729349136 -1.7683730125 0.2103033960 1.2134360075 0.0957401842 -1.8453292847
0.1282082945 -0.3873046041 0.1618488282 1.6207503080 0.1482451111 2.0976190567 -0.3670962453 0.5488368869 -0.8900095224 -0.8638136387 1.5422682762 -2.4069299698 -0.4474415481 0.5550890565 0.9028422236 1.1856125593
-0.5203025341 0.9610946774 0.6183468699 1.1641169786 0.0924763754 -1.0733878613 -1.0139642954 0.0801108181 -1.3702980280 0.1422342062 -0.1960702240 0.6784045696 -0.7296440005 -0.1119293794 -0.7145574689 0.6450279355
1.0738774538 0.1612654328 -0.9918740392 -0.0335976891 -0.0784466788 -2.1720728874 -0.9788634181 0.6172655821 2.0059998035 -0.3923008442 -1.1788965464 0.3689845204 0.0035936877 0.3166067600 -0.2988269627 -0.0482696630
0.0592503473 0.0741801411 0.0577851012 -1.9096767902 -1.1038845778 0.1121839583 0.1741962880 -0.3002585769 0.5789303184 0.8970553279 0.1444480121 -1.2586393356 -0.2520143688 0.6616277695 1.1867560148 -0.1711770147
0.0939362794 0.3130698502 0.8310495019 0.3243789673 -0.0349754915 -1.2277369499 -0.6197597980 -0.8247205019 -0.1457273811 -0.1580923498 -1.8283102512 0.2184378505 -0.4661377370 -0.0263031051 -0.2016052157 0.2216203362
0.6441912651 -0.5152925849 -0.6542741060 -1.5263842344 -0.7965642214 0.3558237851 -0.0588573664 -0.0155499047 1.5788081884 0.8784948587 -0.9791107178 -0.3974065781 0.1945071965 -0.1442659348 -0.7075707912 -0.5059505105
0.6671797037 -0.0949270278 -1.3973261118 -0.0326429643 -0.2783434689 0.5350867510 0.3037615418 -0.3261219859 0.0172663983 0.4044687748 -0.1971345395 -0.2012602240 -0.1051072106 0.2750929892 0.1479026228 -0.0745896250
-0.5691521168 -0.1234793514 -0.8283771276 0.6682636142 -0.6548137069 -0.4055411518 -0.9987132549 -0.0371661894 2.2267379761 -1.5316518545 0.1385398954 0.4418280423 0.0126642212 0.1827143580 0.0871403143 -0.6548939943
-0.8849070072 -3.8744323254 1.1516131163 -1.0142074823 2.8024017811 1.4420907497 0.0273294989 0.0797563344 1.8094593287 -0.0196627378 0.8017483950 -0.9560747743 0.2239675224 1.3069268465 0.9861952066 -1.1734356880
0.6139172316 -2.7189719677 -0.4881162643 -2.4885053635 1.6757025719 0.1289882064 -1.3164510727 0.3002809882 2.1060917377 0.1848262846 0.4849707186 0.5068035722 0.1536643803 -0.9192730188 0.3128802180 -2.1638631821
-1.2120199203 -1.3381972313 1.4361640215 0.5271574855 0.3895345926 -0.5453054309 -0.2752594352 0.3273804188 2.8957669735 0.0958427191 0.3026663661 0.0858690813 0.1412237287 0.0309123006 0.2685175538 -0.9094843268
-1.0337008238 -3.7949326038 0.7003409863 0.0668003261 2.6683917046 -0.1513553560 0.6890127659 -0.0612452216 -0.2320367843 0.4795604646 0.3321297765 -1.0575145483 0.2600955963 0.7042244673 0.0916206539 -3.5686762333
0.2114181966 -1.0975404978 -0.9604068398 -0.2712257802 0.2462876439 -1.5548082590 -0.8277819753 -0.0816353410 -2.2675967216 -0.2592512667 0.1799873859 0.3755782843 0.2577567101 -0.3306859732 0.0919688717 -1.5676162243
-0.0286431294 0.8042273521 0.4103865325 0.4349098802 -1.2126197815 -0.1604452431 0.0321268179 -0.0770827234 0.0416105762 -0.0161902141 -0.4996058345 -0.2986308634 -0.0716128126 0.1366763860 -0.4687886238 0.0700209513
0.0483175032 0.2419663072 0.4845962524 0.5788858533 0.0784285888 -0.0321111381 0.5523355007 -0.5373234153 1.2813428640 -0.2030000687 -0.9485982060 -0.0745962784 -0.2611700296 0.3407671452 0.1785227805 0.0307654552
0.2447439432 -1.0911793709 0.2100146711 -1.4051346779 0.2110967785 -3.1659765244 -0.4006625712 -0.4374544621 -1.6265090704 0.7302778959 -1.1659750938 1.5534461737 -0.2764918208 -0.5958729386 -1.3636940718 -1.2450997829
0.0883443654 0.1536891758 -0.4827431738 0.2258184701 0.1326549798 0.9499659538 0.0669275969 -0.4074587524 0.6600732803 -1.0702596903 -1.1547062397 0.1497287899 0.0703516826 0.2896202505 0.0304168928 -0.0685734898
0.8812216520 -0.3773714304 -0.8634308577 -0.6796025038 0.0532631539 -0.9982557893 0.2174121737 0.5592738390 -1.5020613670 0.5886074305 0.3204394281 -0.1874512136 -0.2414373457 -1.5422142744 -0.4082442224 0.0437629446
-0.3851340115 -2.7554996014 -0.1644355208 -1.2880007029 2.2316462994 -2.2586829662 -1.0134503841 0.0651163608 1.5488069057 -0.2490455955 -0.1892195195 1.6814825535 -0.2413259745 1.3186656237 1.2868065834 -3.2359735966
0.3596292436 0.0353061594 -0.2812599540 0.1324042231 -0.0141536249 -2.3312375546 0.2701029480 0.0234387126 1.0220137835 -1.4752827883 -0.2163437307 1.3574088812 -0.0077870749 -0.3024303317 0.1246102750 -0.0601420142
-0.5082817674 0.5241404176 -0.1048788503 0.8807657361 0.5476015806 0.8458381295 1.0174591541 -0.2083185166 0.3707884550 -0.0142837241 -1.0142518282 0.4491403997 0.1077609733 -0.0591868684 0.1934159249 0.2721590698
1.1592365503 -1.0533053875 1.9295481443 -2.1256120205 0.1028023735 3.2612943649 1.1435979605 0.8624608517 -0.3464638591 1.2770255804 1.4203846455 -1.5036685467 0.0385139845 -0.0889263749 -0.2462662905 -0.5613436699
-0.3275848031 -0.4389784932 0.5715022087 -0.4736787081 0.3079806864 -0.6662361026 2.5041534901 -0.1362591982 -0.6655298471 0.8725465536 -0.6399075389 -0.3076688349 0.1418942958 -0.0015759382 -0.0673801899 0.3470861614
-0.0895099640 -0.2343787551 -0.1064471006 0.1303137839 0.0915026367 0.0149691105 -0.0503901243 -0.0814732611 -0.0952207148 0.1296495497 -0.0420134366 0.0082778335 -0.0636655688 -0.0775003135 -0.0695714355 -0.1811561584
-0.5216502547 0.1138028204 -0.2203511298 -0.4932275712 2.0276963711 -0.0744661465 0.3444438875 -0.1008358896 0.7391368747 1.7071098089 0.5250566602 0.3109177947 -0.0187440552 -0.4417392910 -0.1274776757 0.5419609547
-1.5343875885 -0.3889686763 1.6634008884 -0.2379562110 1.1297757626 -0.4062528908 0.6600939631 -0.3233286142 0.2428651899 0.6862019897 -0.0783398747 1.1494837999 -0.4521566927 -0.4657951295 -0.1520781666 -0.1211505383
0.1202538759 -0.2488840073 -0.0286750607 -0.1121548861 -0.0765006691 -0.0271191653 -0.0578608476 0.0026904522 -0.0557333194 0.0552459955 -0.1619538814 0.0407386534 -0.1564272791 -0.0004922139 0.0674511641 -0.1704525501
-0.0345209241 0.0103771687 -0.0419623554 0.1029014289 0.0622074008 -0.1317893565 -0.0711424947 0.0038820803 0.0528680086 0.0972789824 0.0453632772 0.0327685773 -0.0120497644 0.0824014843 0.2492357194 -0.2187165022
-0.7063825130 0.0307089575 1.0060087442 -0.0234667175 0.2453850955 -0.3074430823 0.3931198418 -0.4230830371 -0.4464530647 -1.3345733881 -1.2983355522 1.3940131664 -0.3876974285 -0.3038791120 -0.0897810906 0.0258871410
1.0581277609 0.4624730349 -0.3742461503 -0.5040705800 -0.0106015746 0.4074058831 -1.0927248001 -0.1745574325 -1.8214360476 -1.2642844915 -0.8873229623 1.3596010208 -0.1711904705 0.2570100427 0.4848402739 -0.2261485010
0.2490971684 -2.6318130493 -0.7271388769 -1.1029523611 -0.0377801470 1.5387166739 -1.1744906902 0.1473846436 -1.0941302776 -0.8418315649 0.1558061391 -0.0126736155 -0.2808135450 -1.3961776495 -2.1166579723 -2.7363543510
0.5527482629 -0.5181495547 1.6005175114 -0.0217063874 0.0100668287 -1.1890035868 2.3492612839 0.0799246132 0.4844620824 -0.5115212798 -1.0847296715 -0.3514802456 0.1190392599 1.0002869368 0.4808003306 0.2545241117
0.0793605149 -3.5381882191 -0.9521663189 -1.0632467270 2.3118562698 0.5653990507 0.0777226165 -0.4396365881 0.4908844531 0.8414977789 0.1628839523 -0.3725696206 0.2017842680 -0.1591014713 0.2498507351 -0.5197787881
-0.5290709734 -1.7771844864 -0.1139340252 1.3146793842 0.3248210549 -1.7944985628 -0.2453869730 0.2114409953 1.4062062502 -0.2527376115 0.4380932748 1.2415030003 0.0297328122 0.4820543528 0.5712659955 -0.2006830424
-2.1433000565 -1.2274132967 0.4892113209 -1.9188203812 0.6661658287 -0.6608236432 0.0643967018 -0.0842357948 -0.4142118394 0.0692090169 -0.3748869002 1.6024626493 0.1351178885 0.2947451472 -1.3735193014 -0.7310195565
0.5568863750 -1.9644163847 -1.6776108742 0.1041254997 1.1262139082 -0.4645404816 -0.2664678693 0.4871828556 -0.0501090847 0.5794774890 1.5475246906 -0.1953109354 0.3419058323 -0.0353728235 0.4870016873 0.1633512676
0.8387709856 -2.6909730434 -0.7748765945 -0.2724750340 0.8648262024 2.3335666656 0.1653682292 0.0489961319 -0.4421492219 -0.2410819232 0.5143746138 -1.6293126345 0.1738295555 -0.7246584296 -0.8831183910 -2.0826194286
-0.2214698195 -2.3213517666 -2.0158314705 -1.4418134689 1.2926666737 -2.2396109104 0.7722712159 0.9300676584 -0.3479266763 -1.0111026764 0.0857760236 0.3900123835 -0.0084986724 -1.1727086306 0.0381635167 -2.3049352169
1.1920763254 0.2456396222 1.4740406275 -0.4426409006 -0.1758158505 -1.6840153933 1.1892198324 0.0633161962 -0.2667272985 0.4700236320 0.0740020871 1.0003159046 0.1368656456 -0.6975268722 -0.9066685438 -0.1896026731
-0.6712684631 -2.5185399055 -1.2031421661 -2.2174558640 1.4509612322 0.6773079038 0.5324447751 0.1447281837 1.8031097651 0.7479500771 0.1240076795 -0.9789628983 -0.1506822407 -0.1694387794 -0.7469722629 -2.4341864586
0.3961594105 -0.0635222718 -0.7073953152 -0.9183026552 0.4994173646 -1.0609745979 0.9591432810 -0.7484815121 0.0805896968 -0.0681044683 -0.7893136144 0.1158200353 -0.4962030947 -1.3741213083 0.2743681967 0.0568916909
0.3031221628 -0.9692379236 1.3758447170 -2.1432018280 -0.1367395520 -0.3014905155 0.2064990699 0.6366856694 2.7950332165 -0.9273172021 0.7237061262 2.2846145630 0.1875130087 0.0861277357 -1.0078707933 -0.1986319423
-0.1324076951 -3.8243026733 0.6931067705 -1.9118767977 2.2567784786 0.8962314725 -0.5460993052 0.3227811456 0.4960750043 0.1634074301 0.1103903875 0.0005748566 0.2403319776 1.2644619942 0.8152397871 -3.0757281780
0.8711522222 -3.0572571754 0.6510323286 -0.2833284736 1.7940738201 0.4342820346 -0.5474496484 0.1377459764 -0.8651072979 0.4089222848 -0.0560487472 -0.6600798368 0.0654068440 -0.9190597534 -0.8623831868 -2.5935897827
-1.0168603659 -2.0078303814 1.8348696232 1.6286122799 1.3300380707 3.2443263531 1.3476659060 0.9298793077 2.0075907707 -0.3110171556 2.4012699127 0.0472761095 0.3432223499 -0.4184565246 0.3319675326 -1.6497979164
-0.9301686287 -0.1264286190 -1.5531448126 -1.1677393913 -0.5230200291 1.7245005369 0.0066044698 0.7650277615 -0.5759950876 -0.0238763969 2.2250998020 0.2994589210 0.0333335884 0.3918742836 -0.1988211125 -0.1501042247
0.5253393054 -4.8527936935 1.7091648579 -1.5554909706 2.2917625904 1.4177122116 -0.5043221712 -0.0748796612 -1.1927766800 1.1103792191 0.1944550872 0.4262107015 -0.0318393447 -0.3065559864 -0.7316868305 -3.9763984680
0.0761630982 -0.3970115781 0.0815411657 -1.2294535637 -0.7556862831 -1.3532083035 0.9207800627 -0.2172686905 -1.2285387516 0.5788589716 -0.5155167580 -0.2028008252 0.2582614720 -0.5004862547 -0.1034392416 -0.6268567443
0.1599812508 -1.0797487497 1.6975204945 0.8258393407 -0.2616834641 -3.6613063812 1.8108047247 0.0626674742 -1.8537895679 1.0598894358 0.1205442175 1.4645062685 0.1164819747 0.8502003551 -0.5007843375 -0.1810027212
-0.3753448725 -1.5491046906 -0.8765768409 -1.6522910595 0.3612618446 -0.2898697257 -0.5246786475 0.1649358273 -0.1253444552 -0.1456919760 -1.2382899523 0.0337309316 0.3495877683 1.2940759659 0.6872494817 -1.7006261349
1.0052069426 -1.0822660923 0.8530082703 0.3016260862 -0.3683332801 0.0155645618 0.9542161226 0.0801545903 -2.0725877285 -2.2168159485 1.1867190599 -0.0566136427 -0.1935631633 1.0456360579 2.0239562988 -0.5554822087
-0.2107168287 -0.6297174096 0.1615675539 -1.4419076443 0.4826858640 0.5559936762 -0.4222390652 1.1138908863 0.4830543697 0.5950464606 3.0652599335 -0.6845849752 -0.4029134214 -0.5331761241 -0.3597259820 0.3000208139
0.9843867421 -0.1655182689 0.2148697376 -1.3665260077 0.0255227648 0.4650181532 0.1939633489 0.1561885774 1.8563789129 0.0364491493 -0.0368392952 -1.1105154753 -0.1903573275 0.2389815152 0.2999211252 0.1881901771
-0.8023604751 0.4742689133 0.0375989415 -1.0033242702 0.6043631434 0.6619475484 0.8667130470 -0.1660363674 -0.6763266921 -0.8646567464 -1.0775520802 -0.0690256432 -0.5827908516 -0.2629684210 0.2636214793 0.0288274474
-1.0045326948 0.1415170580 1.1159025431 0.6660382748 0.4600126147 0.5933919549 0.3558097482 -0.0770936981 0.5243933201 -1.1305932999 -0.7599000931 -0.7035496235 -0.0982394367 0.6574844122 0.8192682862 -0.2183934897
-0.1412294507 -0.2628833055 -1.7630079985 0.7116599679 0.0679833591 -0.2719962001 0.1263899952 0.0564348176 1.5792798996 -1.2566112280 -0.6912235022 -0.9350000620 0.1342730522 -0.7659047842 0.3520610034 0.0890727490
-0.7546728849 -2.6648180485 0.3217408061 -0.4563213289 2.0664541721 0.8647615910 1.5809148550 -0.2652273476 -0.3809855282 -0.2618961930 -0.1322100461 0.4121807814 0.1060617939 0.1695569158 0.4629786611 -2.6112229824
0.8147965074 -3.8410317898 0.8208605051 -0.4465794861 3.6669275761 1.7239290476 -1.3256248236 0.1465272307 0.1539372355 0.5438473821 0.5434932113 -1.8367618322 0.1728604287 0.3597364724 0.7411895990 -1.0482245684
0.6491972208 -0.0827964768 0.4753842950 -0.1880632788 0.1666839272 0.1072565913 -0.1279829144 -0.5752917528 0.0885380954 0.6412864923 -0.8809623122 -0.0026094734 0.0482398197 -0.5013464093 -0.3098497689 0.0331922658
0.1000535190 -0.1720431149 -0.0770510435 0.0724666417 0.0888097286 -0.1043520868 -0.1684898436 0.1699478626 -0.0183684230 0.0329696238 -0.2271925807 0.2158873677 -0.2130018771 -0.0100661814 -0.0670990646 -0.0303438604
0.2238000631 -0.1412653923 -0.8267067671 0.0153648816 -0.8237940669 0.9386824369 -0.2738905847 0.5361130834 -0.3041983247 -1.0991193056 1.9582284689 0.1728259921 -0.0715294331 0.4020676911 -0.2473769784 0.0177711081
-1.2349203825 -2.3594985008 1.0743782520 -1.3367711306 0.9092813134 -0.5774031281 1.9083653688 0.8051719666 0.4429234564 0.1548962444 1.4689979553 0.1245356649 0.0791589320 -2.3429527283 -1.8084610701 -1.4683765173
-0.1241051257 -0.2115350962 0.1821803153 -0.0687249899 0.1795220673 0.0398868918 -0.2417400479 0.2025610507 0.0175504982 -0.1796630919 0.1964887679 -0.2104992867 -0.2375439107 -0.0462963879 -0.2194128633 0.1302685440
-0.3413860202 0.1594189852 1.4420332909 -1.0296447277 -0.2984421849 2.1051502228 -0.9052451253 -0.0618562363 -0.9438785315 2.0537548065 -0.4447384179 0.0809881762 0.0191951990 -0.0189087540 -0.1999089122 -0.5924618840
0.5690222979 -2.5232040882 -0.7173668146 -0.2043776661 0.9649762511 -0.2788696885 -0.6192059517 0.1514525414 0.3423980474 -0.2063919753 0.0114214290 -0.3871200085 0.1131213754 -0.6957078576 -1.2792825699 -2.2614319324
-0.5077911615 0.0125030465 -0.5099304318 -0.2216501534 0.0649705306 0.9181128740 0.8274393082 0.0836417302 0.4404427707 0.5456426144 0.3884457052 -1.7027466297 -0.1069156528 0.2269325107 0.8265344501 -0.0782335550
0.0058511682 -0.4546016157 0.8700179458 0.7190283537 0.5254614949 -1.1008410454 -0.5067857504 0.9677243233 -0.7014192343 -0.9383235574 1.6590907574 1.1234701872 -0.2231303304 -1.2701990604 -0.4122210741 -0.0428648107
0.1037115976 -0.0301650316 0.1920949817 0.4902352691 0.3767865598 0.5317805409 0.0256744009 -0.9572376609 0.7302940488 -0.4484049678 -2.2927141190 -0.3618946970 0.0598678626 0.1961010993 0.7110065818 0.0701102838
-0.3989860117 0.4752910733 0.5825492740 1.1089758873 -0.7435747981 -0.2115934938 -0.6692355871 -0.2261282057 -0.8360679150 0.4150909781 -1.7326269150 0.0597595088 -0.0827192292 -0.2383793741 -0.4333872795 -0.2587487102
0.1310824901 0.6253940463 0.1987168938 0.1504573375 -0.1307258606 1.3000801802 -0.3326147199 -0.7662331462 0.1930996031 0.0742212012 -1.6663671732 -0.0153748561 -1.2507456541 0.1492094100 0.7073001862 0.1784975678
-0.7574054003 0.3986106217 0.1633943766 -1.6660374403 0.7991275787 0.7884374857 -0.3947150707 0.7859372497 -0.8561593294 0.0513913147 1.0442599058 0.1322857291 0.0440029763 0.6744281650 0.0941725671 0.3523462713
-0.6337587833 0.8434644938 -0.0122677526 -0.1574339569 -0.2283281684 -0.8931657672 -0.1104936972 1.5516630411 0.8363006115 -0.3640399873 1.9127571583 0.0367640480 -0.2909128964 0.0052613937 -0.5023256540 0.2202548236
0.2232808471 -0.8045889139 1.1842015982 -0.1664769948 1.5842827559 -0.0434388816 -0.3143422306 0.3079960644 -2.5641913414 1.0684797764 -0.7902916670 -0.9291730523 -0.1524399221 0.9128828645 0.5970094800 0.2685002685
-0.0496651269 -1.9744766951 0.8576756716 -1.0609085560 1.6302690506 -1.2242722511 0.1862883568 0.3282816708 1.2091006041 -0.5341862440 0.4503135979 1.3314263821 0.1266125143 0.4380585253 -0.1559801102 -1.9519361258
-0.3749410212 0.3344872594 0.7932028174 -1.2003083229 0.1041660607 -0.8692708611 1.2112599611 -0.7662132382 -0.0222622752 1.7444322109 -0.6408283710 -0.6155653596 -0.2956906259 0.4878243804 0.2516098022 0.3152340651
-1.0043368340 -0.9761302471 1.5027278662 -3.0594682693 -0.2502173483 0.5732016563 1.3492832184 0.1890366971 -1.5494002104 1.4248331785 2.7546865940 0.6257414222 0.2381055951 -0.2064469159 -0.7840263247 -0.5535421968
0.2657243609 0.3681112528 -1.3964265585 0.9668536782 1.0856139660 -0.0427987725 0.0378209092 -0.2466387749 0.3457038999 -0.9048265219 -0.0964718759 1.5374486446 0.0184383579 -0.9146746993 -0.2258057445 0.2899405360
-1.3243737221 -0.8929147720 1.7528713942 0.2088712603 0.5705123544 1.7913558483 0.6222991347 1.4298286438 2.8117752075 0.7563620806 3.0596683025 -0.2451765090 0.3292565644 1.0169764757 0.7741954923 -0.0136068352
-0.2921689451 -0.2532106638 -1.0965692997 0.3137180209 0.3434936106 -1.2089866400 -0.7368987799 0.3979183435 -0.7573314905 0.7188680172 2.1848869324 -0.4201005399 0.1670203209 -0.5901572704 0.2202427238 0.2456045896
-0.1279607713 0.8801382780 -0.1955721825 -1.6663614511 1.3750581741 0.9726004601 0.3231632411 0.0489911027 0.6861894131 0.0400128253 -0.6716638803 -0.0149987116 0.0829854757 -0.0099258441 -0.2136312425 -0.0666056648
0.2718325853 -0.3955732584 0.2409673631 -2.0146253109 0.5068224072 -1.3128596544 -0.4857840240 0.9697436094 0.9055830240 0.0395246558 1.4582898617 0.1563104540 -0.5344260335 -0.9265392423 -0.8803912997 0.7396326065
-1.2596573830 -1.8253855705 0.9916855693 0.1261590272 0.7963314652 -1.3228610754 -1.1380695105 0.0326406434 -2.2211561203 0.0104129510 0.1380485445 0.2791787684 0.1427682936 0.7859398723 1.0542683601 -1.5513473749
-0.1162856892 0.2494385242 -0.7339820862 0.2466027439 0.1842589229 -1.5757135153 -0.3539415002 0.0109521560 1.7878642082 -0.4929768145 -1.5390071869 0.9825235009 0.1134719774 0.0693807080 0.1953446865 -0.6786610484
0.5629016161 0.0419816561 0.9462746978 -1.7195974588 0.5729967952 0.4474052489 0.1568405777 -0.7136744261 0.5095888376 -0.5670686960 -0.5634766221 -0.3141166568 -0.1020876542 1.1761192083 0.9534041882 0.0929177105
0.0881746337 0.3549925685 0.2253141403 1.3534632921 0.3454261422 -1.4497096539 0.1585296839 1.5888479948 0.3045657873 0.4763203561 2.2914340496 0.8902401328 -0.2860108018 -0.5839597583 -0.3449803591 0.2527766824
-0.2766566575 -0.7206387520 1.3452343941 0.1854933649 -0.1718224287 1.6348149776 0.1634123176 -0.0834032968 0.7997356057 1.4481675625 0.6973025203 -1.0196422338 0.1594682336 -0.9327898026 -0.7940372825 -0.8668386936
0.1692999005 0.0641996264 0.0640792549 -0.1107785106 0.2122112811 -0.0238607824 0.0989048779 0.1701594889 0.0651633739 0.0171353519 -0.2176468670 0.0063156486 -0.1700103283 0.2117075622 -0.0956687033 -0.1570309699
0.0258239713 -0.0906012803 1.2388083935 0.2100435495 -0.7907673717 -0.6571485996 -1.0336465836 0.2334943265 -1.3758586645 -0.3594641984 0.4381165802 0.5331923962 0.0463466682 -0.0967008099 0.9051321745 -0.5763131976
0.3858467042 -1.6328065395 -2.7146027088 1.7975506783 0.2221796662 -0.4730658531 1.0843950510 0.6376836896 -0.6102744937 -0.5524571538 0.6425602436 0.3347173929 0.0054312763 0.6003694534 1.4938312769 -1.3992893696
0.1445974410 0.2174317241 -0.0593149625 -0.4029165208 -0.8876150846 -1.0166579485 -0.1141614765 -0.1586829871 -0.8142126203 -0.4572907686 -1.0877308846 0.3878943026 -0.1061941758 -0.2473842949 0.1737404913 0.4577411413
-0.2992909551 0.1181302369 -0.7006731033 0.4541648626 1.1487708092 -0.3693089187 -0.5812733173 -0.0691805184 -0.2908189595 -0.1041867137 -0.0031986691 -0.0937268883 -0.0113796629 -0.9140105844 -0.6494213939 0.6665947437
1.5285099745 -0.7680684924 -1.2378104925 1.1637977362 1.3898477554 -0.5934129357 0.7886031866 -0.2837058902 0.3969491720 -0.7567058206 -0.1544287950 0.4021820724 0.2699069381 -0.6204479933 -0.9216160178 0.5584115386
1.4432954788 0.0989938304 -0.1648544669 0.3621081412 0.5363070965 -0.4024671316 0.5065960288 -0.1744478196 0.1273870319 0.0117739923 -0.4908912480 -0.0388317108 0.0481991470 0.6716327071 0.6103514433 0.2936531305
0.1607278585 0.5224057436 -0.4848736823 1.9424974918 -0.6677572727 -1.1011739969 0.7004809380 -0.5545350909 0.6286487579 -1.0206428766 -0.8216873407 0.4283987880 -0.0473679975 0.7537313700 0.2727733850 -0.0286364723
0.7794999480 0.3240950406 0.2805289328 -0.2547939718 0.1750564128 -0.2889521718 -0.1670010537 -0.1026481166 0.6378008127 -1.4721860886 -0.7572206855 2.3557469845 -0.3799511194 0.1892446876 -0.4434688389 0.4798987210
-0.5807005763 -0.3842309713 0.7810212970 0.2055154890 1.4293204546 -0.9420096874 -0.1196373925 1.3336516619 -0.2460283488 -0.6120538712 1.9120028019 0.8047038913 0.1402971596 -0.5160444975 -0.0103144627 0.6477273107
-1.5393813848 -1.6868308783 0.6820129156 -0.8414106369 1.5761554241 0.1721583307 -0.8993466496 -0.1975236386 -2.5565702915 1.4648402929 -0.9256508350 -0.5894095898 0.1728825271 -1.0007030964 -1.2651659250 -1.4931303263
-0.0333910361 -0.1365994513 0.9536849260 -0.6522189379 -0.9750975966 1.1352069378 -0.6308969855 0.3997464776 0.1863151640 1.3881950378 0.2755922079 -0.1383208334 0.0571654290 -0.2756580412 -0.7140026689 -0.2527805567
0.4554625452 -0.8160349131 0.0722017288 -0.6680251360 0.4477191567 -0.3741048574 -1.4830631018 -0.3581896424 -0.9686398506 -0.0729264840 -2.0771689415 0.5230503082 -0.3081732392 -0.5532228947 0.2467466742 -0.2633419335
-0.5832103491 -0.1631168723 -0.2966303229 -0.2933371961 -0.2231332511 -0.0774289370 1.2470709085 -0.2634297907 -1.1045566797 0.2371427268 -0.9315479994 1.1042736769 -0.0415994264 -0.3320257664 -0.1315956861 -0.0083242841
-0.2365924120 -0.9806437492 0.0428708643 -0.3261089027 0.7944400311 -0.3559141159 -0.0796396136 -0.0755440816 -0.0489951819 -0.2553982735 0.5292927027 0.1387030184 -0.1205526218 -0.0919086710 0.1821689159 -0.2208096981
-0.0097288219 0.1913692802 -0.0074094320 -0.0393371321 -0.2025139034 -1.2695543766 0.1023295671 -0.5775675178 -0.4446748793 -0.4740907848 -1.5837546587 0.2355508506 -0.3408351243 0.7071545124 0.5519982576 0.1665339619
0.0081328945 0.4026668668 -0.4662140906 -0.2593400478 0.1215567663 0.1982840449 -0.9676139355 -0.6655586958 1.5192638636 0.1472425163 -0.1916394383 -0.7876169086 -0.4534802139 0.7469435930 0.2671039701 0.2719445229
-1.1575918198 -0.0730491951 1.6450356245 -0.1610364467 0.8312043548 -0.1673634499 0.2869964540 -0.1927407533 -0.7209141850 0.5093674660 -0.1045815125 1.3712792397 0.0155819599 -1.0487524271 -0.0431136563 -0.3151948452
0.2711408138 -1.7708083391 -0.1566811502 1.6661566496 0.9412181377 -0.5271506310 -0.0611241199 1.5239208937 0.9222819805 -0.0540588498 1.2838103771 -0.2655061781 -0.3152598143 -0.0211081114 0.8545629978 -0.9271030426
-0.0029228169 -0.1601277441 0.3508869410 0.1848968863 -0.3178812265 -1.7287093401 -1.3607236147 -0.3389759362 -0.8580478430 0.8238587379 -0.3010194600 0.6146069169 -0.0502017699 -0.2570118308 0.4446117878 -0.1698974818
-0.5069152713 -0.1088752896 0.3288038075 0.1400229186 -1.0203973055 -3.2614781857 1.2263050079 0.3215390146 0.7364148498 0.3494361639 -0.4284689426 0.3344607949 0.1183110997 0.0893814117 0.0054367566 -0.5300427079
-0.0317476578 -0.0837028846 0.9400538206 2.2380814552 -0.3333842754 -0.5780730247 -0.0005565598 1.0285205841 -2.3059144020 0.1977927238 0.1947304904 -0.6294657588 -0.0963905305 -0.5401177406 -0.0146825202 -0.5037176609
0.7645077705 -0.9878440499 -0.5527808666 -0.1838268042 -0.3221204579 0.0559809878 0.0148771293 0.3352591693 -1.0115185976 0.9247128963 1.4541004896 0.1868332326 0.3511979282 0.2156680673 -0.6616715789 -0.2753214538
-0.1288909614 -0.9990493655 2.5225932598 -0.0473661311 0.8970275521 2.3438236713 -1.7458028793 -0.0317834876 -1.3395159245 0.0373946279 -0.2568513751 0.8159801364 0.0132847875 -0.9695039392 -0.6973229647 -0.8979631662
-0.2046250850 0.2956798375 1.1483005285 -0.8754715323 -0.5411151052 -1.7096484900 0.0387303792 0.9928054214 -0.8366500139 0.6513150930 1.8176556826 0.9030376077 -0.0840252787 -0.1796764880 0.5424029231 0.2831692994
0.7242120504 -1.1489225626 0.5958724618 0.2403841168 0.0236524511 -1.3976365328 -0.6756439209 1.0490927696 1.2572808266 0.2571895421 3.4229412079 -0.1185187399 0.0135337245 -0.8383986950 -1.8277852535 -0.3969050050
0.7447196245 -1.1118826866 -0.2238516957 -1.5356634855 0.8357184529 0.0904576182 -0.1494829208 -0.9172332287 -0.6940026283 -0.6487193704 -1.0241774321 0.5227473378 -0.2529880702 -1.1578227282 0.8601034880 -1.3393983841
0.6053908467 0.4073812068 0.4265131652 0.1259175837 0.3333766162 1.6742891073 -0.0685802922 -0.6876230836 -0.3053256869 -0.1951381862 -0.4156188071 -1.2016128302 -0.4595663846 0.1378913820 0.0395456776 0.2020335197
0.0645225197 -0.1760523468 0.1427078694 0.0283006337 0.1758292019 -0.1343484521 -0.0982323736 0.1634799391 0.1959626675 -0.1424313337 -0.0621056855 -0.1992341876 -0.0845716521 -0.0315614603 -0.0248049796 0.0409086682
0.9665497541 -1.5662976503 0.8164266944 -2.2687354088 0.4939484000 -0.3461600244 -0.4593214989 -0.1621565670 -1.5851312876 -0.3039754927 -1.2502962351 -0.2412693650 0.2602503598 0.2171296775 0.9350028038 -1.3826502562
-0.6192429662 0.0665166602 1.1143009663 -0.8121841550 -0.0395005755 -0.4018997848 1.0752105713 -0.4116547704 -0.3161443472 2.0547585487 -0.1745517999 0.1954467297 -0.4418897927 0.1716384441 -0.4975671470 0.1043353602
-1.2503359318 0.8856735229 0.1558557004 0.3153178990 0.3143004179 -0.9615166783 -0.0705396160 0.8924682140 0.1360062063 -0.2244640142 0.9459620714 -0.4551045597 -0.5357711911 -0.0218302608 0.0207526926 0.3085266352
-0.4790710509 -0.1742220223 -0.2763869166 0.9294109941 -0.7668483853 -0.7510001659 0.6378526092 0.7504676580 0.2056881338 -0.2893777192 1.7445009947 0.2231272012 -0.0199710615 -0.0122928703 -0.1250526607 -0.2139751762
0.6573886871 -0.4709923565 -0.1671031862 1.7812155485 -0.3604263663 0.7070826888 -0.9517086148 1.2332593203 0.2061631829 -0.0784543231 2.5578138828 -1.3774784803 0.1974847317 0.3780864775 0.7095384002 -0.6055330038
-0.5670108795 -0.2048464715 -0.1566371918 -0.6184316874 0.1928191632 0.5515803695 1.1406075954 -1.0763897896 0.3020269573 0.8819960356 -1.3369328976 -0.0918963179 -0.2339517623 0.0859551132 0.6487318277 -0.6801716089
0.2662566006 -1.7087776661 0.0655908510 -0.4683175087 0.8962131143 -0.2928746343 -0.7235403061 -0.5371709466 -0.7276646495 -0.0708283111 -0.8252957463 0.0436387584 -0.3786137104 1.5422472954 0.0785676688 -1.6391139030
0.4481923878 0.0127139548 -0.7001913190 -0.6176840663 -0.1324337572 0.2242049277 0.0056446339 -0.4300992191 1.3617447615 0.3730793297 -0.2575660944 -0.2517600060 -0.0516760983 -0.5847210288 -1.1842665672 0.0820257068
0.0456337668 -0.2069120407 0.2282644510 -0.0287092347 -0.0567951724 0.2124000788 -0.0730881467 0.2047508359 0.2373568267 -0.2267904878 0.0524900109 -0.0094650546 -0.0449896753 0.1614634395 -0.1629291922 -0.0720623806
0.7260617018 -0.1582840830 -0.2574189603 0.5528788567 -0.5304808617 -1.4111261368 0.3190986514 -0.6562423706 1.8043223619 -0.8990943432 -1.7992371321 -0.2752837837 -0.3080157638 -0.2024397701 -0.4800521135 -0.1787843555
1.1424492598 -1.9654046297 1.5749623775 -0.1935538799 1.1614867449 -1.0188745260 -0.0094878674 0.3354552388 -0.0149750831 1.1905497313 0.5400244594 1.0108695030 0.1989122480 0.5089310408 -1.4471238852 -1.4676874876
0.0371430218 -1.5688880682 1.1996024847 -1.0314654112 1.7095627785 0.4069403112 0.5231276155 -0.4680400789 0.7735882401 1.3882414103 -1.3486485481 -0.7987022400 -0.2059355080 -0.1143717393 0.2815209627 -1.1640890837
-0.2386656702 -1.3863922358 1.5708757639 0.6717650890 0.3319875002 0.0026556661 0.2320662439 0.4675974548 -1.2676934004 0.6652177572 0.4356736243 -0.1847040504 0.0796316564 0.2826252878 -0.1736578047 -0.6285299063
-0.3737176061 -1.2644834518 -0.7720893025 -1.9439970255 0.5073447824 -0.2522205114 -0.4513824880 -0.3201405108 -0.0236710254 1.4433771372 -1.1299116611 0.4594720602 -0.1492578089 -0.8728108406 -0.5906205773 0.5525813103
-0.3241009116 0.2207381725 0.1817220747 0.2473155558 -0.0666549131 0.0930559263 0.1183826402 -0.5484704971 -0.1893873215 -0.9080698490 -0.0575811788 0.0288545080 -0.2821159959 -0.5861999393 0.0540089309 0.3270593286
0.2630786598 -0.4978002310 1.0842634439 -0.6013946533 1.5482628345 -0.4537724853 0.0836762264 -0.0510479175 -0.6218690872 -0.2718362808 0.3933777809 0.0907252282 0.0999062508 -1.2015693188 -1.0857957602 0.9140213132
0.2850621939 0.2237121165 0.1850987822 -0.4882217944 1.2014832497 0.1213164777 0.1135759577 -0.5340290070 1.3079334497 -1.0238673687 -1.0004272461 -0.5413652658 -0.0703661889 -0.0808810145 0.2287470400 0.3883640766
0.9710944295 -0.3226801455 0.3122497499 0.7872666717 0.0577945858 0.3390270770 -0.0232540797 -0.7815868258 -0.0455483347 0.0984814912 -1.4724324942 -0.8616768718 -0.7556524873 -0.8229585886 -0.2001624852 -1.0502934456
-0.2112654746 -0.0148956524 -0.3339859843 0.3946780562 -0.1235547513 1.0281538963 -0.1234617606 -0.1558193862 0.3451586962 0.2142198086 1.5547935963 -0.8870152235 -0.2561684549 0.4104422033 0.2440330535 -0.1011341438
0.7176336646 -1.0563488007 -0.1849673688 1.0174525976 0.2845052481 1.9066714048 -0.9012510180 -0.1664429307 -0.8022373915 -0.7208571434 -1.3046220541 -1.1028342247 0.1047063619 -0.8392336965 0.3478046954 -0.0314652324
0.2402207255 -0.1671195030 0.0721940771 0.1236790568 0.1589578837 -0.1784328222 0.1029665992 0.0044597150 -0.0349574536 0.1547822505 -0.1852351427 0.2187207043 -0.0351132452 0.2013851404 0.1986346841 -0.0446301773
0.7550547719 -0.2052471489 -0.2377160043 0.8213454485 0.2070020288 1.5456162691 -0.2408632040 -0.4704698324 -1.3354138136 -0.2972781956 -0.8522171974 -0.9049891829 -0.1636409760 0.9426578879 0.3593700230 0.1251295507
0.9990691543 0.2230676860 1.0285174847 -0.6777867079 0.1949555725 0.9170500040 -0.9279327989 -0.0839065984 -0.3653354049 -0.4857254624 -0.6582202315 -0.5950251222 0.1925375909 0.4760219157 1.0267727375 0.0351750143
0.8110018373 -2.6039712429 0.3587528169 1.2965348959 2.0448138714 0.2121716589 -0.7750530243 0.1503120810 -1.5523265600 0.3539324105 0.5640152693 -1.2802336216 -0.0127846552 0.1715681553 -0.2366164029 -1.6983979940
0.4298789799 -0.6175787449 -0.5226753354 -0.5955291390 -0.8736071587 -2.0837254524 -1.0024992228 0.1589284241 -0.6140009165 -0.2752163708 0.1212226748 1.1953959465 0.0773203373 -0.9764279127 -1.5816180706 -1.1074607372
0.5695750117 0.1480146646 -1.5424959660 -0.0508413762 0.3677990735 -0.2080803066 -0.5792168379 1.1828050613 0.9929221272 -1.8637815714 -0.1729880720 0.7166374326 -0.1425392479 -0.0856832266 0.1057707667 -0.0544641651
-1.2906448841 -0.3291529417 -1.2986878157 1.0056705475 -0.6083988547 -0.1136172339 1.4674900770 -0.2555491924 1.2945779562 -0.2227550149 0.6994697452 -0.2225178033 -0.1573945880 0.1071513891 -0.7426052094 -0.7558311224
-0.9807062149 -1.5662811995 -1.0787098408 0.5111027360 1.0235763788 -1.7384276390 0.8201491833 -0.1009260267 -1.5347049236 -2.0783889294 -0.0456091128 1.8440688848 -0.3145334721 -1.1685605049 0.9337360263 -2.0232498646
